gamerID,glimmer,legendaryMarks,silver
AngryJoeShow,16972,169,700
Delrith,17097,200,100
ExploGamer,20560,122,900
AlphaWolf,7977,69,700
Shottaz,5203,65,200
kakashi1413,16699,77,800
ZeldaLover08,23028,116,600
wildheck,18841,118,800
Haruhi_Grey,1903,99,100
Scarboy,19368,116,600
Hydro,8360,132,1000
Alecin,15381,186,800
Ramey,11150,196,400
Kingpin2,23204,196,200
Soulblade514,4741,59,200
Feljin,21969,198,200
Shadows28,19161,142,700
M_Deezy,4236,66,1000
JonnyOThan,19428,91,300
MonkeyJu5tice,16970,79,700
Jetli101,20145,51,300
Xman1129,17579,113,200
alwahg,6614,53,500
Chirzard,17307,45,700
Rithalius,20418,184,400
Da6Beast8,7421,171,600
IRONBLASTER,19110,196,500
Kdallow,19384,155,600
DJ_Slice,23539,146,800
PlasmaLily,20099,145,200
Drax,14008,39,900
Rocket,15123,16,1000
UltimateJedi11,3460,160,200
ParadoxSavage96,17310,26,500
PQuill,9112,59,100
Gamora,23163,48,400
Groot,12034,87,500
HoD_Deadeye,10149,146,600
black3fire,1770,68,600
TDynasty11,7184,21,1000
AboodGamerXD,10588,83,700
AceofSpates,14742,63,800
GoodZero,21285,89,700
Creater999,16828,189,200
LucielFall,23336,183,1000
teamoliver,17162,26,100
Chickendust,5131,160,200
Heathcliff,3508,79,600
Asuna,14795,118,1000
Kirito,4429,66,700
Klein,10538,128,100
Sinon,10881,55,800
Lisbeth,23646,43,300
Silica,1151,60,100
Leafa,24707,22,800
PoH,16332,86,900
Red-Eyed_Xaxa,15576,85,800
JohnnyBlack,24911,19,700
Lux,9725,20,1000
Kuradeel,17214,109,700
abandon_all_hope,9994,80,700
Nicholaslimo,16469,102,1000
whoaitsjoe,19878,22,400
Kucamunga1,21303,168,1000
Cruciamen,8481,69,900
Ghostdog12334,3507,28,100
blackhunter209,6696,156,300
Ir_Anuk,24583,78,800
Inversus2002,24929,86,1000
Guledan,9555,175,700
KillingJone04,18991,76,600
Amatiel12,17180,117,300
ToxicDredd,20076,144,200
KillaCrota,12063,77,1000
LirNir15,21091,72,500
XxMrHollywood,9749,130,700
SiLeNthunter,6832,26,700
BlasTheGoat,13002,37,100
ThunZZer,16904,59,500
Batman,9951,121,300
Superman,11860,170,1000
WonderWoman,9525,126,700
Flash,3473,27,800
MartianManHunter,8154,151,900
Cyborg,20929,53,100
Hawkgirl,4931,107,200
GreenLantern,14667,161,700
Aquaman,21902,122,800
